image: tut1_map.pgm
resolution: 0.050000
origin: [-17.500000, -16.200000, 0.000000]
negate: 0
occupied_thresh: 0.65
free_thresh: 0.196

