image: tut1_map_025.pgm
resolution: 0.025000
origin: [-17.500000, -16.200000, 0.000000]
negate: 0
occupied_thresh: 0.65
free_thresh: 0.196

